4.858000 -9.451000 -1.719000
4.844333 -9.477000 -1.724667
4.830667 -9.503000 -1.730333
4.817000 -9.529000 -1.736000
4.866600 -9.449400 -1.747800
4.852733 -9.475467 -1.753400
4.838867 -9.501533 -1.759000
4.825000 -9.527600 -1.764600
4.875200 -9.447800 -1.776600
4.861133 -9.473933 -1.782133
4.847067 -9.500067 -1.787667
4.833000 -9.526200 -1.793200
4.883800 -9.446200 -1.805400
4.869533 -9.472400 -1.810867
4.855267 -9.498600 -1.816333
4.841000 -9.524800 -1.821800
4.892400 -9.444600 -1.834200
4.877933 -9.470867 -1.839600
4.863467 -9.497133 -1.845000
4.849000 -9.523400 -1.850400
4.901000 -9.443000 -1.863000
4.886333 -9.469333 -1.868333
4.871667 -9.495667 -1.873667
4.857000 -9.522000 -1.879000
4.753000 -9.297000 -1.739000
4.778000 -9.312000 -1.732667
4.803000 -9.327000 -1.726333
4.828000 -9.342000 -1.720000
4.761600 -9.295000 -1.768000
4.786600 -9.310067 -1.761600
4.811600 -9.325133 -1.755200
4.836600 -9.340200 -1.748800
4.770200 -9.293000 -1.797000
4.795200 -9.308133 -1.790533
4.820200 -9.323267 -1.784067
4.845200 -9.338400 -1.777600
4.778800 -9.291000 -1.826000
4.803800 -9.306200 -1.819467
4.828800 -9.321400 -1.812933
4.853800 -9.336600 -1.806400
4.787400 -9.289000 -1.855000
4.812400 -9.304267 -1.848400
4.837400 -9.319533 -1.841800
4.862400 -9.334800 -1.835200
4.796000 -9.287000 -1.884000
4.821000 -9.302333 -1.877333
4.846000 -9.317667 -1.870667
4.871000 -9.333000 -1.864000
4.779000 -9.353000 -1.977000
4.804000 -9.368000 -1.970667
4.829000 -9.383000 -1.964333
4.854000 -9.398000 -1.958000
4.764600 -9.379200 -1.982400
4.789933 -9.394133 -1.976133
4.815267 -9.409067 -1.969867
4.840600 -9.424000 -1.963600
4.750200 -9.405400 -1.987800
4.775867 -9.420267 -1.981600
4.801533 -9.435133 -1.975400
4.827200 -9.450000 -1.969200
4.735800 -9.431600 -1.993200
4.761800 -9.446400 -1.987067
4.787800 -9.461200 -1.980933
4.813800 -9.476000 -1.974800
4.721400 -9.457800 -1.998600
4.747733 -9.472533 -1.992533
4.774067 -9.487267 -1.986467
4.800400 -9.502000 -1.980400
4.707000 -9.484000 -2.004000
4.733667 -9.498667 -1.998000
4.760333 -9.513333 -1.992000
4.787000 -9.528000 -1.986000