0 0 0
0.055 0 0
0.11 0 0
0.165 0 0
0.22 0 0
0.275 0 0
0.33 0 0
0.385 0 0
0 0.055 0
0.055 0.055 0
0.11 0.055 0
0.165 0.055 0
0.22 0.055 0
0.275 0.055 0
0.33 0.055 0
0.385 0.055 0
0 0.11 0
0.055 0.11 0
0.11 0.11 0
0.165 0.11 0
0.22 0.11 0
0.275 0.11 0
0.33 0.11 0
0.385 0.11 0
0 0.165 0
0.055 0.165 0
0.11 0.165 0
0.165 0.165 0
0.22 0.165 0
0.275 0.165 0
0.33 0.165 0
0.385 0.165 0
0 0.22 0
0.055 0.22 0
0.11 0.22 0
0.165 0.22 0
0.22 0.22 0
0.275 0.22 0
0.33 0.22 0
0.385 0.22 0
0 0.275 0
0.055 0.275 0
0.11 0.275 0
0.165 0.275 0
0.22 0.275 0
0.275 0.275 0
0.33 0.275 0
0.385 0.275 0
