1639910102.393115 6.117802 0.128616 0.017956 0.045665 0.0465699 0.550792
1639910102.393115 6.112792 0.127591 0.010040 0.029270 0.0839867 0.532888
1639910102.393115 6.117374 0.119191 0.007767 0.023939 0.0841878 0.342585
1639910102.393115 6.124564 0.119004 0.016280 0.005733 -0.0829808 0.085596
1639910102.393115 6.110929 0.122413 0.013988 0.040334 0.0108629 -0.435021
1639910102.393115 6.108228 0.124294 0.010543 0.027660 -0.0202172 -0.538018
1639910102.393115 6.112885 0.137705 0.006966 -0.029370 -0.0598468 -0.464492
1639910102.393115 6.104838 0.145882 0.014547 0.013880 -0.0189096 -0.331420
1639910102.393115 6.117560 0.143964 0.012275 -0.049286 0.000402331 0.166364
1639910102.393115 6.108489 0.151284 0.001509 -0.043754 0.0660829 0.372559
1639910102.393115 6.118938 0.144746 0.010431 0.016294 0.0685975 0.490040
1639910102.393115 6.110128 0.130236 0.011977 0.041038 0.072822 0.491649
1639910102.393115 6.113984 0.135824 0.014380 -0.013478 0.0668876 0.139408
1639910102.393115 6.104112 0.119898 0.016000 0.028063 -0.0359081 -0.077851
1639910102.403119 6.120875 0.129752 0.016261 0.053711 -0.0226311 -0.368938
1639910102.403119 6.126259 0.144653 0.011064 0.035405 -0.0332929 -0.501908
1639910102.403119 6.101690 0.136476 0.019316 0.001207 -0.0967607 -0.423755
1639910102.403119 6.119981 0.147708 0.020210 0.047375 -0.105813 -0.124320
1639910102.403119 6.107353 0.153668 0.013318 0.059545 -0.00724196 0.050794
1639910102.403119 6.109588 0.146665 0.007823 0.009555 0.0765435 0.494365
1639910102.403119 6.115399 0.144187 0.021625 -0.022229 0.113357 0.495974
1639910102.403119 6.109793 0.130497 0.018701 0.011265 0.155501 0.373363
1639910102.403119 6.114393 0.129994 0.012852 0.046067 0.0758395 0.274692
1639910102.403119 6.131064 0.123475 0.016857 0.055019 -0.0899211 0.035305
1639910102.403119 6.108247 0.124704 0.018217 0.039630 -0.047978 -0.384629
1639910102.403119 6.101131 0.146963 0.006538 0.001509 -0.0708103 -0.546969
1639910102.403119 6.109644 0.145417 0.011306 0.054516 -0.0581369 -0.472639
1639910102.403119 6.107334 0.149366 0.014678 -0.007644 -0.0353046 -0.288270
1639910102.413136 6.108675 0.149291 0.008959 0.052605 0.0262521 0.246629
1639910102.413136 6.116647 0.152402 0.024512 0.012271 0.0309795 0.414301
1639910102.413136 6.113928 0.134278 0.010468 0.049990 0.0705086 0.520617
1639910102.413136 6.110109 0.131149 0.013206 -0.007745 0.0691004 0.524540
1639910102.413136 6.122179 0.132434 0.021700 0.048682 -0.0190102 0.213940
1639910102.413136 6.117206 0.128634 0.017677 0.028867 -0.0870042 -0.122309
1639910102.413136 6.112326 0.141524 0.007190 0.013076 -0.0317842 -0.366926
1639910102.413136 6.121621 0.138897 0.014976 0.025548 -0.0387244 -0.504725
1639910102.413136 6.099883 0.146739 0.007488 0.038221 -0.0299737 -0.421643
1639910102.413136 6.101876 0.139885 0.019539 -0.016093 -0.13971 -0.177126
1639910102.413136 6.102361 0.144038 0.009388 0.023033 -0.00774488 0.104405
1639910102.413136 6.093103 0.139289 0.006780 -0.010360 0.040032 0.334036
1639910102.423128 6.118361 0.147801 0.018757 0.022531 0.0272579 0.604905
1639910102.423128 6.117132 0.131447 0.010226 0.013277 0.125527 0.501003
1639910102.423128 6.124303 0.118110 0.023339 0.023235 0.0637695 0.270367
1639910102.423128 6.136335 0.127759 0.017844 0.062965 -0.0574328 0.009052
1639910102.423128 6.107725 0.129379 0.012685 0.026152 -0.040736 -0.426371
1639910102.423128 6.106496 0.134371 0.014938 0.112049 -0.077147 -0.525646
1639910102.423128 6.108116 0.146944 0.009835 0.028767 -0.0231341 -0.567991
1639910102.423128 6.101001 0.155158 0.006054 0.056829 -0.0130758 -0.296418
1639910102.423128 6.094649 0.146236 0.016820 0.019312 0.0429489 0.216052
1639910102.423128 6.116256 0.150837 0.022482 0.055924 0.0418425 0.402231
1639910102.423128 6.114822 0.141505 0.008512 0.016998 0.153188 0.495672
1639910102.423128 6.104764 0.134930 0.016820 0.004828 0.0829808 0.515286
1639910102.423128 6.121658 0.123251 0.019502 0.039931 0.0557229 0.118889
1639910102.423128 6.117243 0.131615 0.015050 0.082176 -0.0266545 -0.174310
1639910102.433132 6.123241 0.128783 0.015087 0.063669 -0.0874065 -0.369441
1639910102.433132 6.130841 0.128001 0.013635 0.046570 0.0245422 -0.532486
1639910102.433132 6.098822 0.142157 0.001919 0.053309 -0.00070408 -0.414904
1639910102.433132 6.109606 0.146162 0.013746 0.022028 0.0386238 -0.146147
1639910102.433132 6.110147 0.144746 0.010114 0.026755 0.116475 0.115972
1639910102.433132 6.104093 0.143647 0.014473 0.021726 0.121102 0.311203
1639910102.433132 6.121546 0.132825 0.015534 0.004224 0.100683 0.524238
1639910102.433132 6.107055 0.136234 0.013988 0.024945 0.0395291 0.479780
1639910102.433132 6.113928 0.132825 0.014119 0.034600 -0.0340976 0.268657
1639910102.433132 6.125197 0.128485 0.012480 0.023738 -0.0390261 -0.247736
1639910102.433132 6.106738 0.140034 0.017416 0.054214 -0.0313818 -0.437636
1639910102.433132 6.115343 0.135172 0.012871 0.019614 -0.0786558 -0.543348
1639910102.433132 6.113406 0.150409 0.016671 0.031985 -0.0744313 -0.451114
1639910102.433132 6.099809 0.140965 0.028703 0.051297 -0.0247434 -0.342082
1639910102.443153 6.107856 0.152551 0.020601 0.018608 -0.0554211 0.236671
1639910102.443153 6.111488 0.147112 0.005532 0.021424 0.0909269 0.450209
1639910102.443153 6.101374 0.138711 0.016075 0.105210 0.168577 0.563566
1639910102.443153 6.112326 0.129212 0.019781 0.006136 0.0117682 0.494465
1639910102.443153 6.118864 0.127535 0.025462 0.036713 -0.00321865 0.166364
1639910102.443153 6.114952 0.122469 0.014491 0.083685 -0.0310801 -0.121906
1639910102.443153 6.119013 0.112690 0.019837 0.057030 -0.058338 -0.338260
1639910102.443153 6.128252 0.126250 0.009723 -0.034299 -0.135083 -0.443570
1639910102.443153 6.095544 0.147447 0.014193 0.065681 -0.0482798 -0.404041
1639910102.443153 6.108135 0.151955 0.010505 -0.012372 -0.0101589 -0.145745
1639910102.443153 6.108806 0.140388 0.014883 -0.006538 0.0594445 0.041138
1639910102.443153 6.101336 0.159070 0.004247 0.053812 0.118688 0.322670
1639910102.443153 6.124601 0.137202 0.014175 0.004224 -0.00945479 0.581771
1639910102.443153 6.121174 0.131093 0.009853 0.084087 0.0529066 0.493962
1639910102.453116 6.118920 0.140127 0.005532 0.003219 0.00623614 0.241701
1639910102.453116 6.117672 0.132937 0.014137 0.036512 -0.161536 -0.324581
1639910102.453116 6.110240 0.126567 0.017174 0.038322 -0.148058 -0.485916
1639910102.453116 6.108992 0.127926 0.019614 0.011969 -0.0111647 -0.533994
1639910102.453116 6.110389 0.129510 0.018813 0.055019 -0.102695 -0.480585
1639910102.453116 6.107539 0.143163 0.013597 0.055321 -0.0300743 -0.264231
1639910102.453116 6.100461 0.138581 0.021867 0.012372 0.0238381 0.229731
1639910102.453116 6.112717 0.125449 0.014808 0.031080 0.0519007 0.423554
1639910102.453116 6.111488 0.140630 0.009760 -0.006035 0.0464693 0.506032
1639910102.453116 6.100442 0.136085 0.014547 0.003118 0.0324883 0.503719
1639910102.453116 6.116182 0.121277 0.012312 0.006538 -0.0357069 0.137899
1639910102.453116 6.115455 0.106655 0.016503 0.045866 0.0160933 -0.090826
1639910102.453116 6.115343 0.128653 0.020433 0.057533 -0.129048 -0.343692
1639910102.463120 6.114077 0.128727 0.016633 0.029068 -0.0463687 -0.489838
1639910102.463120 6.114952 0.141710 0.007786 0.042345 -0.0640713 -0.352643
1639910102.463120 6.116312 0.149105 0.011846 0.030980 -0.0519007 -0.123214
1639910102.463120 6.096866 0.142343 0.016335 0.053309 0.0246428 0.094246
1639910102.463120 6.097592 0.146776 0.017751 0.009857 0.0664853 0.282940
1639910102.463120 6.118808 0.135824 0.018217 0.039227 0.0191107 0.544958
1639910102.463120 6.120950 0.133738 0.012722 0.079662 0.0700057 0.459965
1639910102.463120 6.114841 0.125915 0.015181 0.078455 0.0420436 0.251859
1639910102.463120 6.113313 0.130180 0.008605 0.020318 -0.132166 -0.011567
1639910102.463120 6.107911 0.131652 0.014585 0.013880 -0.0919327 -0.399917
1639910102.463120 6.098263 0.126492 0.008103 0.069603 -0.078354 -0.513677
1639910102.463120 6.124824 0.132490 0.012852 0.060752 -0.125427 -0.438944
1639910102.473145 6.103646 0.150912 0.010114 0.041038 0.0162944 -0.020217
1639910102.473145 6.101560 0.147428 0.016820 0.058237 0.00633672 0.207301
1639910102.473145 6.100144 0.137817 0.024922 0.036612 0.0347011 0.438742
1639910102.473145 6.103665 0.131689 0.018366 0.031080 0.0673905 0.486922
1639910102.473145 6.111413 0.121370 0.016950 -0.005029 0.060752 0.547774
1639910102.473145 6.123316 0.127889 0.015236 0.014283 0.00211224 0.104606
1639910102.473145 6.111320 0.135265 0.006873 0.083383 0.0693016 -0.132468
1639910102.473145 6.117281 0.128448 0.010580 0.018205 -0.0472739 -0.377085
1639910102.473145 6.108079 0.128523 0.020359 0.056628 -0.0221282 -0.491951
1639910102.473145 6.106365 0.124332 0.009015 0.016496 0.027962 -0.323072
1639910102.473145 6.109793 0.148248 0.012331 0.026051 0.00985712 -0.139207
1639910102.473145 6.111525 0.146609 0.015814 0.024140 -0.0117682 0.109132
1639910102.473145 6.105136 0.130665 0.016578 0.044055 0.0621602 0.478473
1639910102.473145 6.119069 0.144653 0.012591 0.075638 0.0178032 0.498086
1639910102.483141 6.120075 0.141114 0.013802 0.037417 0.0493862 0.434920
1639910102.483141 6.110296 0.124089 0.012740 0.025649 -0.0233352 0.256587
1639910102.483141 6.119981 0.116378 0.010580 -0.003017 -0.0895187 -0.243310
1639910102.483141 6.114431 0.137649 0.010617 0.008550 -0.0434518 -0.491247
1639910102.483141 6.117150 0.135079 0.020787 0.012271 -0.0313818 -0.548176
1639910102.483141 6.118603 0.133235 0.009779 0.010461 -0.131663 -0.472739
1639910102.483141 6.109476 0.144783 0.016615 0.057634 -0.0635684 -0.273585
1639910102.483141 6.094500 0.136495 0.013616 -0.035405 0.0268556 0.209011
1639910102.483141 6.113425 0.139344 0.021383 0.015792 0.0551194 0.449304
1639910102.483141 6.103609 0.143945 0.022519 0.003420 0.162944 0.561453
1639910102.483141 6.115735 0.143684 0.019483 0.050090 0.0933409 0.536609
1639910102.483141 6.119031 0.127517 0.014380 0.062965 0.0246428 0.198450
1639910102.483141 6.119739 0.128280 0.011642 0.014484 -0.0174008 -0.175215
1639910102.483141 6.113201 0.124592 0.013318 0.058841 -0.0485815 -0.371050
1639910102.493125 6.122850 0.133868 0.008922 0.078656 -0.0917315 -0.524741
1639910102.493125 6.100070 0.144448 0.018347 0.064172 0.0535101 -0.368435
1639910102.493125 6.109867 0.145957 0.022519 -0.030879 -0.0558235 -0.128545
1639910102.493125 6.101243 0.150222 0.020955 -0.012875 0.0599474 0.110339
1639910102.493125 6.101821 0.145249 0.014324 0.061657 0.0875071 0.266947
1639910102.493125 6.116964 0.140872 0.016168 0.064272 0.079561 0.609532
1639910102.493125 6.103963 0.128578 0.010338 0.049286 0.114966 0.463184
1639910102.493125 6.106943 0.123084 0.012275 0.052202 -0.0161938 0.310600
1639910102.493125 6.129649 0.127330 0.004563 0.060953 -0.0251457 -0.233352
1639910102.493125 6.107185 0.121389 0.012927 0.089921 -0.0350028 -0.417821
1639910102.493125 6.111339 0.137351 0.010822 0.035405 -0.0384226 -0.547573
1639910102.493125 6.117634 0.140313 0.016093 0.028767 -0.0834838 -0.464894
1639910102.493125 6.109644 0.154581 0.017378 0.027660 0.03279 -0.307683
1639910102.503116 6.102491 0.138842 0.012834 -0.013780 0.0191107 0.245120
1639910102.503116 6.112717 0.149757 0.016931 0.009153 0.104003 0.470426
1639910102.503116 6.099343 0.146963 0.022147 0.061959 0.121806 0.516493
1639910102.503116 6.107036 0.121910 0.010394 0.007041 0.118487 0.530273
1639910102.503116 6.121006 0.128634 0.008233 0.016898 -0.00543147 0.101790
1639910102.503116 6.109197 0.122339 0.011940 0.032689 -0.0133775 -0.117783
1639910102.503116 6.122924 0.126176 0.011586 0.024039 -0.107523 -0.391770
1639910102.503116 6.110929 0.126828 0.012591 -0.008147 -0.0453629 -0.526853
1639910102.503116 6.095879 0.137463 0.009332 -0.017703 -0.0377186 -0.342283
1639910102.503116 6.102938 0.141487 0.018887 -0.006236 -0.0577345 -0.084590
1639910102.503116 6.101858 0.146627 0.016876 0.036411 0.0147857 0.102796
1639910102.503116 6.098039 0.143293 0.007357 0.099175 0.125125 0.335746
1639910102.513148 6.115846 0.143647 0.012610 0.047375 0.0834838 0.578150
1639910102.513148 6.111357 0.132434 0.007022 0.044357 0.109535 0.476662
1639910102.513148 6.104372 0.125654 0.008345 0.026051 0.0164956 0.329610
1639910102.513148 6.125700 0.122283 0.006333 0.051498 0.011567 -0.242706
1639910102.513148 6.113630 0.124015 0.016335 0.096258 0.00824779 -0.457350
1639910102.513148 6.116275 0.136774 0.007022 0.129450 -0.0735261 -0.470024
1639910102.513148 6.113853 0.144262 0.015330 0.037819 -0.120599 -0.487525
1639910102.513148 6.101858 0.146739 0.010990 0.003822 -0.0845902 -0.347212
1639910102.513148 6.106254 0.149533 0.016056 0.046168 0.00865012 0.279721
1639910102.513148 6.118305 0.147149 0.011567 0.011265 0.0582375 0.468012
1639910102.513148 6.113034 0.132509 0.020675 0.028666 0.13468 0.526551
1639910102.513148 6.126240 0.124760 0.014268 0.000000 -0.00754371 0.363305
1639910102.513148 6.128922 0.127312 0.009723 0.006035 -0.0276603 0.117481
1639910102.513148 6.121751 0.122655 0.017360 -0.039831 0.00341982 -0.156205
1639910102.513148 6.124303 0.120774 0.010803 0.044055 -0.0357069 -0.300642
1639910102.523130 6.111152 0.129044 0.021644 -0.009555 -0.107925 -0.477266
1639910102.523130 6.093923 0.131913 0.022203 0.063669 0.0366122 -0.420637
1639910102.523130 6.101988 0.145901 0.011008 0.025447 -0.00744313 -0.205994
1639910102.523130 6.118361 0.139717 0.014398 0.097465 -0.0145845 0.087507
1639910102.523130 6.102771 0.138991 0.014193 0.072420 0.0146851 0.284549
1639910102.523130 6.115977 0.130422 0.015069 -0.044256 0.0644736 0.620194
1639910102.523130 6.107334 0.124201 0.016391 0.055119 0.110541 0.495270
1639910102.523130 6.109849 0.117347 0.013672 0.011969 0.0496879 0.288572
1639910102.523130 6.115139 0.131447 0.020005 0.002313 -0.026051 0.023436
1639910102.523130 6.108619 0.134241 0.014063 0.077248 -0.0251457 -0.483401
1639910102.523130 6.104894 0.127368 0.014864 0.067491 -0.0473745 -0.462782
1639910102.523130 6.115418 0.130087 0.013933 0.033394 -0.0482798 -0.476662
1639910102.533119 6.093625 0.142027 0.015832 0.010762 0.0135787 -0.042345
1639910102.533119 6.110817 0.143107 0.012461 -0.040635 -0.0509955 0.190806
1639910102.533119 6.110333 0.147559 0.017546 -0.017099 0.0341982 0.527456
1639910102.533119 6.100442 0.140425 0.003371 0.029773 0.0397302 0.483602
1639910102.533119 6.113593 0.132415 0.005346 -0.025347 -0.0262521 0.566483
1639910102.533119 6.116498 0.126157 0.009220 0.075437 0.0408366 0.149064
1639910102.533119 6.115790 0.123400 0.010803 0.080768 -0.031583 -0.040635
1639910102.533119 6.118026 0.123549 0.012927 0.026554 -0.0433512 -0.305772
1639910102.533119 6.123073 0.126474 0.017695 0.002515 -0.069201 -0.494264
1639910102.533119 6.103329 0.144299 0.014026 0.023235 -0.0266545 -0.434518
1639910102.533119 6.119646 0.141878 0.016335 0.000201 -0.0931397 -0.180144
1639910102.533119 6.118957 0.152588 0.017919 0.075236 -0.00945479 0.116173
1639910102.533119 6.108508 0.126250 0.016466 0.001911 0.0305772 0.523835
1639910102.533119 6.125439 0.133384 0.015255 -0.000603 0.101689 0.562258
1639910102.543128 6.122086 0.141487 0.013988 0.036109 0.0849925 0.485413
1639910102.543128 6.113220 0.129379 0.009742 0.045061 -0.0230335 0.260912
1639910102.543128 6.124545 0.124946 0.009090 0.061858 -0.0944473 -0.209615
1639910102.543128 6.109048 0.128727 0.010580 0.055421 -0.0628643 -0.399414
1639910102.543128 6.107464 0.123587 0.014324 0.059646 -0.106417 -0.528261
1639910102.543128 6.124359 0.139736 0.015646 0.108629 -0.15872 -0.467509
1639910102.543128 6.116182 0.149123 0.006147 0.062361 0.00633672 -0.350632
1639910102.543128 6.101988 0.135861 0.012945 0.042044 0.0794604 0.235364
1639910102.543128 6.107688 0.139680 0.014771 0.059143 0.0296719 0.459664
1639910102.543128 6.092805 0.124276 0.005662 0.086803 0.116576 0.544555
1639910102.543128 6.112233 0.133011 -0.000652 0.090223 0.0998788 0.563566
1639910102.543128 6.124992 0.125393 0.010151 0.011265 -0.0500903 0.152282
1639910102.543128 6.113909 0.128653 0.010543 0.029974 -0.0687987 -0.115268
1639910102.553130 6.117318 0.135694 0.015479 -0.011567 -0.0933409 -0.372458
1639910102.553130 6.114319 0.133794 0.030082 0.013076 -0.021223 -0.519209
1639910102.553130 6.102026 0.143610 0.016410 0.030477 -0.0516996 -0.367530
1639910102.553130 6.113946 0.135377 0.021812 0.030074 -0.0593439 -0.135385
1639910102.553130 6.109867 0.141952 0.014454 0.073727 0.00301749 0.059646
1639910102.553130 6.104168 0.131726 0.011418 0.063870 0.0572316 0.502914
1639910102.553130 6.122757 0.137277 0.011194 0.022531 0.0814721 0.549685
1639910102.553130 6.117560 0.121519 0.015553 0.026554 0.0876077 0.489235
1639910102.553130 6.108060 0.129379 0.009164 0.071011 0.0452623 0.236873
1639910102.553130 6.127283 0.128672 0.008885 0.058740 -0.0477768 0.029873
1639910102.553130 6.108917 0.131764 0.024717 0.017602 -0.0132769 -0.436127
1639910102.553130 6.102584 0.136588 0.012983 0.043552 -0.112854 -0.545561
1639910102.553130 6.110556 0.144634 0.020731 0.040334 -0.137698 -0.482295
1639910102.553130 6.105490 0.146814 0.028275 0.024140 -0.103701 -0.344597
1639910102.563123 6.093252 0.134222 0.014473 0.008449 0.0108629 0.213437
1639910102.563123 6.105192 0.146683 0.012815 0.000201 0.0355057 0.481792
1639910102.563123 6.097294 0.151098 0.012163 0.013378 0.138402 0.528362
1639910102.563123 6.107874 0.139847 0.017080 0.011567 0.037618 0.570305
1639910102.563123 6.118882 0.113212 0.016727 0.044156 0.0429489 0.143230
1639910102.563123 6.109942 0.129212 0.008922 0.041038 0.00130758 -0.151277
1639910102.563123 6.124917 0.122301 0.016931 0.085697 -0.0284649 -0.306778
1639910102.563123 6.121621 0.133831 0.023339 0.027157 -0.0196137 -0.477064
1639910102.563123 6.098300 0.135154 0.013523 0.043552 0.0308789 -0.358678
1639910102.563123 6.108340 0.151452 0.001956 0.086300 -0.0763424 -0.131864
1639910102.563123 6.093029 0.139885 0.017099 -0.040334 0.0410378 0.649765
1639910102.563123 6.107986 0.124536 0.006706 0.079360 0.0287667 0.653487
1639910102.563123 6.123148 0.127945 0.014808 -0.027861 0.0298731 0.223596
1639910102.563123 6.118715 0.123475 0.011232 0.071213 -0.020016 -0.129450
1639910102.563123 6.111413 0.134651 0.010878 0.008449 -0.102092 -0.389859
1639910102.563123 6.112233 0.134800 0.014622 0.012171 -0.125024 -0.515990
1639910102.573127 6.103478 0.137631 0.005309 0.079460 -0.0355057 -0.440452
1639910102.573127 6.107278 0.130683 0.010803 0.068396 -0.0438541 -0.178333
1639910102.573127 6.097052 0.155326 0.006389 0.063669 0.0502914 0.084389
1639910102.573127 6.096195 0.155773 0.007823 0.072721 0.0896193 0.395190
1639910102.573127 6.112177 0.140276 0.012796 -0.030175 0.0389256 0.689495
1639910102.573127 6.125979 0.129733 0.022389 -0.011567 0.0145845 0.527255
1639910102.573127 6.123036 0.118222 0.019614 -0.006136 0.0487827 0.270065
1639910102.573127 6.117467 0.115372 0.015032 0.067592 -0.100784 0.007242
1639910102.573127 6.109588 0.133067 0.012908 0.043552 -0.0562258 -0.516996
1639910102.573127 6.096400 0.140071 0.022706 0.012673 0.00181049 -0.619691
1639910102.573127 6.111525 0.133198 0.014976 0.060450 -0.0526048 -0.489637
1639910102.573127 6.106514 0.138413 0.009872 0.041038 -0.0757389 -0.297625
1639910102.573127 6.104112 0.148248 0.014082 -0.048682 -0.00744313 0.278514
1639910102.573127 6.107148 0.141039 0.017099 0.045966 0.0353046 0.507943
1639910102.583116 6.111749 0.137184 0.016708 0.011466 0.114866 0.607219
1639910102.583116 6.109104 0.118166 0.007655 0.061054 0.118285 0.594445
1639910102.583116 6.133858 0.107307 0.010841 -0.008348 -0.0189096 0.179540
1639910102.583116 6.125011 0.124443 0.015069 0.004526 -0.0104606 -0.137296
1639910102.583116 6.115288 0.130422 0.005718 0.016093 -0.07594 -0.369240
1639910102.583116 6.118175 0.135954 0.010543 0.001609 -0.0378191 -0.615366
1639910102.583116 6.108619 0.146776 0.015628 0.038322 -0.0341982 -0.481892
1639910102.583116 6.106850 0.141039 0.012666 0.032488 0.0239387 -0.169381
1639910102.583116 6.111767 0.141170 -0.002217 0.030577 0.0688992 0.106819
1639910102.583116 6.106924 0.135135 0.002049 0.054818 0.0969619 0.427175
1639910102.583116 6.113704 0.130367 0.013188 0.061959 0.112552 0.657208
1639910102.583116 6.105807 0.124220 0.012424 0.055823 0.0550188 0.572115
1639910102.583116 6.109886 0.119060 0.009462 -0.012271 0.0873059 0.368737
1639910102.583116 6.121360 0.125691 0.012815 0.012975 -0.0699051 0.089921
1639910102.583116 6.101783 0.116900 0.014771 0.063065 -0.0439547 -0.470929
1639910102.583116 6.098673 0.132006 0.006091 -0.007443 -0.0193119 -0.552502
1639910102.583116 6.111562 0.140052 0.016931 0.024743 -0.0729226 -0.555620
1639910102.583116 6.092601 0.135116 0.011679 0.127941 -0.0144839 -0.327799
1639910102.593116 6.109606 0.132322 -0.002440 0.055119 -0.0117682 0.322670
1639910102.593116 6.108470 0.139065 0.005215 0.021625 0.044357 0.520617
1639910102.593116 6.111227 0.130888 0.010896 0.033394 0.0925362 0.660930
1639910102.593116 6.109010 0.123661 0.007115 -0.000503 -0.00301749 0.592634
1639910102.593116 6.120037 0.113677 0.011008 0.006437 0.0211224 0.112250
1639910102.593116 6.121621 0.130013 0.007693 0.016496 -0.0162944 -0.156708
1639910102.593116 6.146953 0.134334 0.011027 0.051901 -0.108629 -0.317641
1639910102.593116 6.135590 0.122357 0.005569 0.026856 -0.099577 -0.535201
1639910102.593116 6.076824 0.149682 0.006501 0.065882 -0.0221282 -0.423554
1639910102.593116 6.087981 0.141766 0.002105 0.061657 -0.103097 -0.050694
1639910102.593116 6.096121 0.152960 0.021160 0.047777 -0.0350028 0.171695
1639910102.593116 6.109960 0.149440 0.016205 0.045765 0.0282638 0.450712
1639910102.593116 6.118733 0.132117 0.009146 0.061054 0.0461675 0.656404
1639910102.593116 6.115232 0.123475 0.010021 0.038523 0.0955537 0.531279
1639910102.593116 6.110836 0.118017 0.014622 0.061356 0.0787564 0.247736
1639910102.603124 6.114822 0.119358 0.016503 0.040032 -0.0554211 -0.045463
1639910102.603124 6.117094 0.122488 0.008047 0.014283 0.00221282 -0.476260
1639910102.603124 6.103590 0.131186 0.010356 0.001408 -0.0778511 -0.504423
1639910102.613158 6.102566 0.136681 0.015702 0.024643 -0.0681952 -0.535201
1639910102.623138 6.105304 0.150353 0.013281 0.044256 -0.0475757 -0.273485
1639910102.633174 6.098803 0.131074 0.007488 0.002414 0.0322871 0.313919
1639910102.643115 6.110054 0.143591 0.006389 0.074632 0.0298731 0.463989
1639910102.849849 6.097872 0.132509 0.006501 -0.005834 0.124723 0.563364
1639910102.859918 6.111898 0.125021 -0.002738 0.021525 0.115972 0.567287
1639910102.879946 6.121136 0.117607 0.004023 0.009757 -0.016395 0.129953
1639910102.889926 6.120652 0.122897 0.005774 0.081975 0.0459664 -0.120699
1639910102.889926 6.108861 0.128951 0.008643 0.069503 -0.0531077 -0.369340
1639910102.900733 6.119292 0.128765 0.010338 0.052504 -0.085596 -0.575837
1639910102.919915 6.105304 0.140965 0.006706 0.042547 -0.0180043 -0.479981
1639910102.929918 6.107464 0.135228 0.014491 0.054214 -0.0441559 -0.160832
1639910102.939917 6.103218 0.151936 0.008307 -0.007343 0.071615 0.077147
1639910102.949918 6.102957 0.142921 0.003558 0.041340 0.131864 0.384729
1639910102.959915 6.126612 0.129417 0.006240 -0.001308 0.0698045 0.593338
1639910102.969923 6.118659 0.136718 0.016484 0.039630 0.0654794 0.495572
1639910102.969923 6.111804 0.126809 0.010934 -0.011366 0.0360087 0.293601
1639910102.989918 6.109010 0.128355 0.012144 0.025649 0.0205189 -0.065278
1639910102.989918 6.114524 0.125933 0.013504 -0.026654 -0.078354 -0.501607
1639910102.999944 6.108414 0.126045 0.004843 0.076644 -0.0495873 -0.623614
1639910103.010491 6.108768 0.136066 0.009686 -0.012774 -0.118587 -0.549182
1639910103.029915 6.108508 0.160169 0.006836 0.065580 -0.0257492 -0.354152
1639910103.039937 6.104615 0.142995 -0.002496 -0.010461 0.0198148 0.310700
1639910103.049942 6.112829 0.135247 0.002105 -0.006638 0.0697039 0.518907
1639910103.059984 6.119125 0.132360 0.011120 0.053309 0.12432 0.585392
1639910103.069953 6.118473 0.128523 0.004414 0.020418 0.0569299 0.615265
1639910103.079938 6.116200 0.122618 0.018105 0.050794 0.00271574 0.065479
1639910103.079938 6.111562 0.121146 0.013877 0.052907 0.0108629 -0.166766
1639910103.090275 6.116405 0.113044 0.010952 0.036713 -0.0304766 -0.401828
1639910103.109916 6.123651 0.127032 0.015162 0.014082 -0.125427 -0.643730
1639910103.109916 6.094128 0.143014 0.008438 0.006337 -0.118487 -0.484508
1639910103.129918 6.111488 0.143982 0.011213 -0.010964 -0.0769459 -0.172701
1639910103.139951 6.112903 0.158176 -0.001118 -0.002515 0.0735261 0.105914
1639910103.149948 6.111450 0.151880 0.010524 0.041842 0.0899211 0.448801
1639910103.159953 6.117783 0.134520 0.009295 -0.027560 0.0104606 0.690300
1639910103.169948 6.116517 0.126753 0.010096 -0.001408 0.0305772 0.511967
1639910103.179943 6.119180 0.122376 0.020172 0.010360 0.0592433 0.314221
1639910103.189924 6.125364 0.127591 0.009891 0.030678 -0.0160933 0.047877
1639910103.199952 6.108359 0.113826 0.016466 -0.006739 -0.0384226 -0.524238
1639910103.209934 6.102026 0.129156 0.009052 0.012673 -0.0273585 -0.522226
1639910103.220007 6.119180 0.123568 0.014435 0.051599 -0.0382215 -0.507642
1639910103.229950 6.104633 0.147317 0.005383 0.031784 -0.0222288 -0.315227
1639910103.239963 6.104968 0.146404 0.012685 -0.015289 0.0360087 0.220679
1639910103.249915 6.113499 0.139493 0.013430 0.021927 0.030376 0.459764
1639910103.249915 6.109960 0.128336 0.010803 0.020217 0.0744313 0.606414
1639910103.260747 6.106813 0.128932 0.002999 0.047877 0.0578351 0.647552
1639910103.269942 6.120820 0.120290 0.013392 0.054516 0.0623614 0.134479
1639910103.280747 6.108861 0.122562 0.004806 0.078857 0.0210218 -0.171192
1639910103.299972 6.117765 0.118539 0.016782 0.009857 -0.0650771 -0.402432
1639910103.309912 6.119553 0.121482 0.013318 0.019211 -0.101186 -0.547774
1639910103.309912 6.101262 0.132471 0.004396 0.119995 0.0708103 -0.474952
1639910103.329926 6.109290 0.141654 0.005886 0.032388 -0.0830814 -0.236973
1639910103.339913 6.102286 0.142045 0.011362 -0.012774 -0.00311807 0.108328
1639910103.339913 6.096996 0.144225 0.009835 0.076342 0.115469 0.402030
1639910103.349928 6.101243 0.130031 0.004862 0.041239 0.0951514 0.691306
1639910103.360777 6.120373 0.130776 0.026226 0.069302 0.0204183 0.529468
1639910103.379947 6.115511 0.128765 0.017714 0.064977 -0.0206195 0.290081
1639910103.389963 6.129183 0.119861 0.016410 0.026353 0.0496879 0.011265
1639910103.399946 6.110240 0.124890 0.012722 0.033695 0.00110641 -0.549182
1639910103.409934 6.111469 0.128970 -0.004359 0.014987 -0.0550188 -0.566181
1639910103.419920 6.111357 0.139680 0.008754 0.085395 -0.0946485 -0.532687
1639910103.429914 6.098468 0.135209 0.007953 0.036310 -0.070408 -0.324883
1639910103.439918 6.097592 0.140369 0.007655 0.022028 0.0824779 0.296116
1639910103.439918 6.118324 0.138804 0.002943 -0.016898 0.0304766 0.517499
1639910103.450679 6.107818 0.131950 0.009593 0.009052 0.08801 0.599373
1639910103.469920 6.106012 0.120699 0.007935 0.024542 0.0993758 0.650872
1639910103.479921 6.133039 0.120215 0.013560 0.088815 0.0316836 0.150170
1639910103.489969 6.115716 0.129268 0.001267 0.089318 0.0396296 -0.200059
1639910103.499918 6.104596 0.114404 0.006091 0.036914 0.00181049 -0.388853
1639910103.509911 6.117355 0.134744 0.014566 0.055622 -0.183865 -0.585694
1639910103.509911 6.099939 0.142474 0.008382 -0.003923 0.00442564 -0.430092
1639910103.529914 6.103944 0.140034 0.016093 0.045966 -0.0415407 -0.172600
1639910103.529914 6.110035 0.144020 0.013821 0.032187 0.0106618 0.126332
1639910103.539953 6.095544 0.149850 0.015143 0.057232 0.103097 0.367932
1639910103.550718 6.127097 0.121444 0.005905 0.049286 0.0796616 0.627335
1639910103.559956 6.111860 0.117607 0.006966 -0.029370 0.0732243 0.576138
1639910103.579917 6.113481 0.119340 0.005774 0.020217 0.0724196 0.304062
1639910103.589914 6.118100 0.115316 0.018552 0.092335 -0.0796616 0.021525
1639910103.599946 6.117485 0.138301 0.023637 0.066485 0.0100583 -0.529669
1639910103.609913 6.111525 0.135135 0.006389 0.050593 -0.0768453 -0.619289
1639910103.619948 6.096177 0.124369 0.016242 0.058338 -0.0629649 -0.582878
1639910103.629925 6.105322 0.146870 0.006706 0.045363 -0.0429489 -0.326894
1639910103.629925 6.105527 0.141095 0.011846 0.058439 0.0754371 0.300240
1639910103.649922 6.118119 0.138097 -0.000596 0.029773 0.107121 0.515487
1639910103.659950 6.104112 0.132378 0.003949 0.034098 0.131462 0.612348
1639910103.669919 6.109439 0.130739 0.002272 -0.057936 0.094749 0.585593
1639910103.679942 6.131865 0.112150 0.012387 0.015289 -0.0118688 0.141218
1639910103.679942 6.115939 0.117309 0.006892 -0.021424 0.0429489 -0.174109
1639910103.690198 6.116498 0.126250 0.006538 0.044357 -0.0670888 -0.519812
1639910103.699945 6.114226 0.135396 0.012182 -0.011668 -0.118688 -0.554211
1639910103.710227 6.110370 0.145398 0.008512 0.076544 0.0272579 -0.447996
1639910103.729948 6.102957 0.142548 0.005811 -0.012171 0.0567287 -0.143331
1639910103.739947 6.106459 0.137724 0.006687 0.018105 0.0523031 0.169482
1639910103.749959 6.113183 0.144802 -0.000428 0.021826 0.14504 0.456646
1639910103.759947 6.116554 0.132192 0.014454 0.025548 0.0770465 0.643026
1639910103.769955 6.111059 0.124257 0.005513 0.046067 0.0289679 0.531882
1639910103.769955 6.117355 0.136383 0.006910 0.024844 0.0592433 0.288773
1639910103.783667 6.125029 0.120718 0.010598 0.042647 -0.0421442 -0.006638
1639910103.790231 6.113797 0.131950 0.012722 0.056829 -0.0601485 -0.607520
1639910103.799916 6.107874 0.137035 0.017099 0.069000 -0.0860989 -0.656605
1639910103.819923 6.112158 0.135191 0.010375 0.076745 -0.0570305 -0.599977
1639910103.829917 6.097555 0.145715 0.007320 0.044357 0.00331923 -0.332326
1639910103.839939 6.112102 0.146348 0.018068 -0.012875 0.0268556 0.310600
1639910103.839939 6.110296 0.148918 0.011791 0.023235 0.0584386 0.494365
1639910103.850075 6.112941 0.147428 0.005737 -0.012875 0.0586398 0.586297
1639910103.869925 6.122012 0.124797 0.003669 0.024140 0.071615 0.635684
1639910103.879916 6.116387 0.123121 0.018068 0.048179 -0.0270568 0.164151
1639910103.889916 6.105602 0.119712 0.018366 -0.005130 0.0205189 -0.147454
1639910103.899951 6.122719 0.118688 0.007320 0.020318 -0.0183061 -0.460166
1639910103.909925 6.114207 0.135936 0.011940 -0.029169 -0.103299 -0.607420
1639910103.919925 6.097089 0.143275 0.013392 0.062965 0.0196137 -0.407863
1639910103.929939 6.111804 0.156090 0.007097 0.016194 -0.0516996 -0.147153
1639910103.939915 6.109141 0.161901 0.009332 0.073727 0.0426471 0.149466
1639910103.949921 6.107539 0.146739 0.011101 0.056829 0.106819 0.465397
1639910103.959954 6.120838 0.128709 -0.004619 0.012573 0.0832826 0.638802
1639910103.969955 6.127562 0.129733 0.009183 0.032891 0.0826791 0.470024
1639910103.979915 6.108861 0.118613 0.003297 0.068799 0.0681952 0.272177
1639910103.979915 6.115101 0.124071 0.016745 0.018004 -0.00301749 -0.070207
1639910103.989962 6.117076 0.128821 0.012051 0.076745 -0.0336953 -0.468716
1639910104.000188 6.103236 0.135433 0.005532 0.043653 -0.0925362 -0.568997
1639910104.010226 6.109718 0.140648 0.005793 0.077348 -0.0683963 -0.549987
1639910104.019916 6.110407 0.147410 0.008922 0.061255 -0.00744313 -0.332527
1639910104.039948 6.095171 0.133365 0.004824 0.021324 0.0264533 0.297423
1639910104.049926 6.106067 0.133496 0.007469 -0.026353 -0.00683963 0.578552
1639910104.059948 6.106384 0.131726 0.006650 0.033896 0.0929385 0.540331
1639910104.069916 6.100331 0.119153 0.013821 -0.023738 0.0414401 0.631157
1639910104.069916 6.121732 0.112616 0.016522 -0.013478 -0.00865012 0.159223
1639910104.080561 6.108880 0.116248 0.015348 -0.051700 0.0035204 -0.102695
1639910104.090088 6.122161 0.117514 0.011194 0.053409 -0.0918321 -0.415005
1639910104.109924 6.118305 0.118501 0.011586 0.020117 -0.0825785 -0.559140
1639910104.119948 6.094687 0.133812 0.017025 0.009254 -0.0155903 -0.472538
1639910104.129957 6.105490 0.142679 0.016000 0.053711 0.0292696 -0.161737
1639910104.129957 6.105341 0.140071 0.013541 0.044659 0.0691004 0.112452
1639910104.140933 6.102044 0.148378 0.008699 0.018809 0.0706092 0.413999
1639910104.150484 6.115735 0.135265 0.010468 0.000000 0.0206195 0.640109
1639910104.160050 6.115790 0.131298 0.005998 0.069201 0.0821762 0.502311
1639910104.170908 6.117802 0.114664 0.012573 0.063267 0.0737272 0.246227
1639910104.180831 6.134864 0.112373 0.013262 0.037115 -0.0999793 0.011869
1639910104.199916 6.122179 0.137053 0.008922 0.047877 -0.0432506 -0.540733
1639910104.209910 6.113462 0.133459 0.015721 0.085998 -0.0145845 -0.623915
1639910104.209910 6.113295 0.149310 0.015050 0.056628 -0.0990741 -0.478674
1639910104.220993 6.100591 0.152141 0.018850 0.027560 -0.0608526 -0.286963
1639910104.239917 6.107427 0.150912 0.014249 0.024542 0.0997782 0.305772
1639910104.239917 6.117150 0.154395 0.004824 -0.028063 0.0511967 0.524741
1639910104.259948 6.104689 0.139661 0.010934 0.011466 0.13639 0.674307
1639910104.269918 6.104801 0.120979 0.009518 0.024140 0.100281 0.584286
1639910104.279946 6.132647 0.126082 0.018980 0.074029 -0.0029169 0.107020
1639910104.289917 6.114673 0.117887 0.004955 0.067189 -0.0149868 -0.170890
1639910104.299935 6.117914 0.120271 0.006706 0.037316 -0.103902 -0.405047
1639910104.309944 6.120354 0.135023 0.004787 0.017099 -0.108831 -0.591829
1639910104.319913 6.096289 0.136532 0.014510 -0.035003 0.0122711 -0.487022
1639910104.329915 6.108098 0.150073 0.018291 0.045363 0.0258498 -0.161435
1639910104.339952 6.110482 0.132900 0.001881 0.051398 0.0295714 0.109233
1639910104.349919 6.100480 0.143331 0.005942 0.011466 0.069201 0.472739
1639910104.359954 6.123353 0.123698 -0.005476 0.075236 0.0394285 0.555217
1639910104.369920 6.120987 0.118036 0.010300 0.054114 0.109233 0.567790
1639910104.369920 6.116219 0.120215 0.016205 -0.010159 0.0722185 0.289377
1639910104.389917 6.128866 0.117309 0.009090 0.024140 -0.0582375 -0.030577
1639910104.399922 6.107539 0.127573 -0.001919 0.096761 -0.0488833 -0.520114
1639910104.399922 6.102752 0.133552 0.011567 0.114866 -0.00955537 -0.609331
1639910104.409913 6.115083 0.142362 0.015274 0.041239 -0.117984 -0.552803
1639910104.421397 6.110817 0.147298 0.010915 -0.015792 0.0274591 -0.297625
1639910104.439950 6.104503 0.146758 0.006817 -0.016496 -0.00251457 0.335243
1639910104.439950 6.111283 0.146888 0.009984 0.018608 -0.00392273 0.512168
1639910104.449946 6.103888 0.135396 0.018049 0.029974 0.0770465 0.660829
1639910104.469917 6.109681 0.129044 0.015236 0.103500 0.0608526 0.545260
1639910104.479950 6.132927 0.123065 0.010505 0.021324 -0.03279 0.157613
1639910104.489951 6.113704 0.121221 0.009481 0.034098 -0.0156909 -0.133976
1639910104.489951 6.113090 0.128094 0.013225 0.052605 -0.0599474 -0.421442
1639910104.499915 6.119143 0.130534 0.012200 0.071816 -0.0609532 -0.557531
1639910104.519950 6.097853 0.136960 0.021700 0.010058 -0.0445582 -0.398107
1639910104.529914 6.108843 0.137426 0.012163 0.027761 -0.00955537 -0.181049
1639910104.539953 6.108098 0.138041 0.006501 0.007946 0.0390261 0.098068
1639910104.549930 6.110016 0.141058 0.002719 0.065580 0.0470728 0.408065
1639910104.559952 6.116349 0.123680 0.015516 0.027258 0.0469722 0.638198
1639910104.569913 6.109271 0.109747 0.005811 0.008047 0.0629649 0.570506
1639910104.579930 6.114636 0.115223 0.003558 -0.001810 0.0235364 0.300240
1639910104.589915 6.126035 0.123475 0.012182 -0.004023 -0.0349022 0.050794
1639910104.589915 6.116815 0.130329 0.023078 0.054013 -0.0743307 -0.543550
1639910104.599911 6.104652 0.129733 0.017136 0.061255 -0.0409372 -0.560448
1639910104.610845 6.116424 0.152569 0.006445 0.031684 -0.0790581 -0.472236
1639910104.622199 6.108526 0.152718 0.008643 0.048481 -0.0171997 -0.352744
1639910104.629940 6.105341 0.147168 0.005476 0.069603 0.0468716 0.313517
1639910104.649964 6.110165 0.141934 0.020210 0.002213 0.000402331 0.545159
1639910104.659921 6.113742 0.133608 0.010673 0.003722 0.0942461 0.629548
1639910104.669915 6.098803 0.123326 0.005383 0.095654 0.0404343 0.680644
1639910104.679948 6.135460 0.108164 0.012498 0.070911 -0.0487827 0.284649
1639910104.689916 6.122645 0.128355 0.003744 0.024039 -0.0451617 -0.068698
1639910104.689916 6.115157 0.112485 0.020824 0.067290 -0.0972636 -0.284851
1639910104.709925 6.117020 0.124536 0.016373 0.076745 -0.129249 -0.453126
1639910104.719917 6.101765 0.137277 0.014100 0.106115 -0.0041239 -0.390563
1639910104.729913 6.109104 0.151321 0.008941 0.091530 -0.0791587 -0.152584
1639910104.729913 6.118082 0.149626 0.012219 0.006638 -0.033997 0.130959
1639910104.749923 6.102715 0.143722 0.007115 -0.007242 0.0678934 0.444878
1639910104.749923 6.121602 0.125412 0.009593 0.037719 -0.0232346 0.672899
1639910104.760686 6.118249 0.128187 0.009332 0.028264 0.000402331 0.591729
1639910104.769917 6.110575 0.111572 0.007693 0.101890 0.0525042 0.325385
1639910104.779945 6.119329 0.127871 0.010747 -0.000905 -0.024844 -0.014987
1639910104.791047 6.121919 0.120737 0.003353 0.075839 -0.0961572 -0.498187
1639910104.799925 6.125085 0.128169 0.017229 0.055220 -0.120196 -0.656907
1639910104.819917 6.111134 0.147000 0.009872 -0.001810 -0.135586 -0.578050
1639910104.829908 6.097220 0.151582 0.012908 0.036210 -0.0426471 -0.328504
1639910104.839950 6.096289 0.149179 0.013728 0.002112 0.00563264 0.283845
1639910104.849922 6.121546 0.139140 0.010766 0.016898 0.0166968 0.512872
1639910104.859920 6.116275 0.133030 0.007395 0.004426 0.0918321 0.644132
1639910104.859920 6.106477 0.123549 0.002999 0.019513 0.0937432 0.592835
1639910104.870013 6.127078 0.111014 0.009611 0.054717 -0.0191107 0.197846
1639910104.879915 6.122999 0.109766 0.009704 0.066485 -0.0475757 -0.123817
1639910104.889914 6.123167 0.134520 0.020806 0.052202 -0.0970624 -0.416212
1639910104.909920 6.122589 0.133235 0.013430 0.068698 -0.143833 -0.584085
1639910104.919945 6.096903 0.140779 0.005607 0.003722 0.0189096 -0.478875
1639910104.929914 6.103925 0.144225 0.011791 -0.002716 -0.0727214 -0.244617
1639910104.939919 6.109662 0.149161 0.013877 0.022329 0.0347011 0.073828
1639910104.939919 6.110929 0.150669 0.014827 0.019211 0.0605509 0.334840
1639910104.950722 6.134603 0.128318 0.000410 0.016093 0.0646748 0.642624
1639910104.960382 6.117877 0.125263 0.008196 0.063468 0.0490844 0.545260
1639910104.979915 6.111749 0.111219 0.011418 -0.005029 0.00955537 0.296619
1639910104.979915 6.115716 0.118148 0.002217 0.056326 -0.0146851 0.015188
1639910104.989912 6.112792 0.120122 0.005998 0.029068 0.0168979 -0.540935
1639910105.000055 6.111842 0.123791 0.007413 -0.023436 -0.0351034 -0.587907
1639910105.009917 6.102808 0.138115 0.008214 -0.060752 -0.0420436 -0.512369
1639910105.019961 6.105136 0.151321 0.018571 0.066184 -0.0866018 -0.342786
1639910105.029952 6.099530 0.144616 0.013597 0.061054 0.0542141 0.252061
1639910105.040136 6.111711 0.143852 0.004135 0.091631 0.0884123 0.480182
1639910105.050158 6.123036 0.134166 0.004172 0.011869 0.147857 0.608828
1639910105.069913 6.117355 0.129603 -0.002850 0.072319 0.0457652 0.536609
1639910105.079955 6.113891 0.126176 0.008345 0.021122 0.016395 0.110239
1639910105.089928 6.117914 0.116508 0.013988 0.028867 0.0406355 -0.133071
1639910105.099960 6.112028 0.120774 0.015013 0.025749 -0.0191107 -0.363406
1639910105.099960 6.117988 0.129398 0.011362 0.030175 -0.05522 -0.583280
1639910105.109908 6.109979 0.147037 0.012927 0.058539 -0.0187084 -0.518806
1639910105.121805 6.107632 0.132471 0.010859 0.059344 -0.0653788 -0.218868
1639910105.139942 6.111544 0.149924 0.010282 0.066485 0.057634 0.099175
1639910105.139942 6.096698 0.142232 0.013839 0.051599 0.107422 0.360489
1639910105.150887 6.121751 0.111926 0.005476 -0.006739 0.0826791 0.636589
1639910105.160020 6.122794 0.115857 0.008121 0.065178 0.0332929 0.553407
1639910105.179919 6.118119 0.114106 0.016503 0.031784 0.0296719 0.253670
1639910105.189952 6.129034 0.115633 0.019856 0.029873 0.0457652 -0.043552
1639910105.199930 6.122515 0.125375 0.009947 0.040032 -0.0808686 -0.462580
1639910105.209913 6.116200 0.133440 0.007264 0.024844 -0.0630654 -0.680242
1639910105.209913 6.120857 0.141505 0.007953 0.034098 -0.117179 -0.555217
1639910105.220833 6.109774 0.145100 -0.005402 0.077549 -0.0333935 -0.311706
1639910105.229944 6.100461 0.141971 0.009537 0.014383 0.04315 0.267047
1639910105.240577 6.101709 0.137240 0.005364 0.030175 0.117481 0.499796
1639910105.259960 6.110445 0.149123 0.001993 0.059847 0.12774 0.565175
1639910105.269932 6.113183 0.129864 0.005774 0.078756 0.0531077 0.578150
1639910105.279947 6.131772 0.122245 0.022370 -0.020821 -0.0432506 0.159223
1639910105.289928 6.117448 0.131726 0.008605 0.030175 -0.0356063 -0.196438
1639910105.299911 6.114524 0.138059 0.004042 0.105511 -0.0743307 -0.397503
1639910105.309911 6.106906 0.135377 0.018962 0.093240 -0.0450611 -0.569701
1639910105.319918 6.105471 0.138041 0.007171 0.006940 0.0328906 -0.478975
1639910105.329928 6.107353 0.133589 0.006985 0.037115 -0.091631 -0.274993
1639910105.339954 6.112941 0.138599 0.007395 0.084389 -0.015188 0.094548
1639910105.349918 6.088596 0.142027 0.003707 0.046972 0.0851937 0.340473
1639910105.359943 6.113835 0.140425 0.008177 0.057835 0.0294708 0.657711
1639910105.369941 6.120261 0.120401 0.013318 0.115771 0.0719167 0.485513
1639910105.379929 6.107595 0.115391 0.018068 0.163145 0.0553206 0.277910
1639910105.389927 6.121509 0.121836 0.016112 0.013478 -0.0433512 -0.016898
1639910105.389927 6.109923 0.129007 0.015534 0.033695 0.013981 -0.553306
1639910105.399911 6.106570 0.136588 0.012275 0.083383 0.0112653 -0.671592
1639910105.409949 6.110687 0.151210 0.006594 0.028666 -0.00975654 -0.556223
1639910105.429909 6.104484 0.141617 0.010040 -0.001308 -0.0354052 -0.293300
1639910105.429909 6.106440 0.140369 0.012387 0.027459 0.100482 0.213034
1639910105.439925 6.107297 0.132080 0.003930 0.093240 0.0309795 0.500098
1639910105.450701 6.116722 0.128709 0.007134 0.052705 0.126231 0.639707
1639910105.460551 6.113797 0.130478 0.005793 0.036813 0.114966 0.680745
1639910105.470731 6.122552 0.132378 0.010803 0.045564 0.0458658 0.106618
1639910105.489921 6.120019 0.137575 0.008997 0.048582 0.0280626 -0.229731
1639910105.499944 6.122291 0.128001 0.007134 0.098269 -0.0598468 -0.502612
1639910105.509928 6.133635 0.133440 0.006761 0.060551 -0.0944473 -0.650369
1639910105.519950 6.112102 0.139978 0.007637 0.045564 -0.0612549 -0.492051
1639910105.529952 6.108880 0.148062 0.016484 0.010259 -0.0708103 -0.194125
1639910105.539914 6.099269 0.141598 0.010375 0.061758 0.0145845 0.093039
1639910105.549914 6.098431 0.144299 0.005923 0.012673 0.0476763 0.365417
1639910105.559943 6.119534 0.131596 0.006966 0.057735 0.0221282 0.636891
1639910105.559943 6.120037 0.130851 0.009853 -0.022430 0.0507943 0.458155
1639910105.570910 6.116424 0.128113 0.010524 0.013076 0.0544153 0.313718
1639910105.581170 6.122589 0.127405 0.008699 -0.006538 -0.00975654 0.000805
1639910105.589952 6.113723 0.134911 0.014231 0.023033 -0.030376 -0.555720
1639910105.600255 6.114803 0.140872 0.010692 0.068296 -0.0516996 -0.623915
1639910105.619953 6.108247 0.137724 0.014082 0.032689 -0.0808686 -0.559241
1639910105.629951 6.106701 0.142287 0.012629 -0.030477 -0.0374168 -0.361696
1639910105.639951 6.097686 0.155084 0.009704 0.052404 0.0459664 0.344597
1639910105.649947 6.112345 0.138711 0.002068 0.020619 0.0561252 0.498287
1639910105.659926 6.107986 0.140667 0.012498 0.007343 0.0885129 0.571311
1639910105.669920 6.116834 0.123158 0.011716 0.036612 0.0337958 0.611845
1639910105.669920 6.120354 0.109430 0.013392 0.062764 0.0201166 0.124119
1639910105.680805 6.109625 0.121649 0.021420 0.052806 -0.0166968 -0.195935
1639910105.690376 6.116312 0.125412 0.016335 0.077851 -0.0392273 -0.423755
1639910105.699988 6.115865 0.121966 0.010580 0.106819 -0.0627637 -0.596255
1639910105.710663 6.112065 0.138078 0.000093 0.048079 -0.0284649 -0.411384
1639910105.720918 6.102249 0.143498 0.001714 0.050291 -0.0601485 -0.123516
1639910105.739954 6.105211 0.143889 0.000112 0.045061 -0.00442564 0.163950
1639910105.749944 6.094128 0.153948 0.008605 0.051800 0.101991 0.403136
1639910105.759964 6.111991 0.135750 0.010245 0.005733 0.106014 0.596255
1639910105.769948 6.120000 0.124499 0.015553 0.006236 0.127941 0.518706
1639910105.779923 6.120149 0.121240 0.013635 0.047777 0.118989 0.333332
1639910105.789917 6.134268 0.106730 0.007302 0.040434 -0.0271574 0.034902
1639910105.799942 6.118212 0.128038 0.023283 -0.034098 -0.0429489 -0.502612
1639910105.809928 6.128903 0.123475 0.009742 0.028063 -0.0401326 -0.559241
1639910105.819921 6.119628 0.143610 0.018682 0.032388 -0.0685975 -0.475254
1639910105.829959 6.109066 0.150967 0.004731 -0.014283 -0.0423454 -0.344697
1639910105.839921 6.091520 0.136942 0.018124 0.020821 0.0823773 0.236269
1639910105.849919 6.110836 0.136029 0.010077 0.079762 0.0270568 0.541639
1639910105.849919 6.107334 0.127181 0.005178 -0.001006 0.0925362 0.633068
1639910105.859911 6.111842 0.136178 0.014231 0.018306 0.0750348 0.582173
1639910105.879913 6.122496 0.113342 0.011642 0.039730 -0.0326894 0.109434
1639910105.879913 6.125234 0.119694 0.009909 0.002213 0.000603497 -0.167068
1639910105.899928 6.124061 0.125710 0.014883 0.075135 -0.0967607 -0.447895
1639910105.909913 6.118696 0.134669 0.018440 0.091430 -0.102997 -0.554513
1639910105.919930 6.100200 0.136252 0.013113 0.066184 -0.0041239 -0.527758
1639910105.929919 6.112196 0.133198 0.020061 0.073526 0.00372157 -0.143431
1639910105.939909 6.112736 0.137053 0.009853 0.055321 -0.0283644 0.154998
1639910105.939909 6.102324 0.144988 0.001099 -0.003722 0.0724196 0.376482
1639910105.950704 6.117653 0.122376 0.012927 0.009757 0.043653 0.682253
1639910105.960836 6.121751 0.112113 0.013243 0.042345 0.0154898 0.511061
1639910105.979962 6.111395 0.104867 0.002179 0.080165 0.0535101 0.293199
1639910105.989955 6.118678 0.112560 0.011511 0.042848 0.0133775 -0.043452
1639910105.999928 6.110556 0.124201 0.011660 0.045966 -0.0100583 -0.542544
1639910105.999928 6.103646 0.130981 0.008512 0.013277 -0.072822 -0.591327
1639910106.019912 6.113406 0.146274 0.010878 0.025649 -0.0829808 -0.529569
1639910106.019912 6.104913 0.134632 0.009518 0.025246 0.0164956 -0.235464
1639910106.039958 6.096624 0.143908 0.008009 0.023637 -0.00865012 0.324581
1639910106.049935 6.100871 0.134483 0.019372 0.038121 0.0298731 0.588611
1639910106.059914 6.103553 0.121407 0.015590 0.005733 0.0677928 0.672698
1639910106.069913 6.113239 0.127852 0.009704 -0.002515 0.126231 0.581972
1639910106.079945 6.117485 0.118092 0.007469 -0.023235 0.0242405 0.081573
1639910106.089914 6.114990 0.105873 0.005923 0.028063 0.0113659 -0.142727
1639910106.099924 6.103441 0.121724 0.009034 0.027761 -0.00854954 -0.363104
1639910106.099924 6.114095 0.131540 0.011306 0.032891 -0.0718161 -0.549283
1639910106.119945 6.097965 0.143088 0.014119 0.046067 0.0180043 -0.362501
1639910106.129916 6.107595 0.153277 0.008792 0.034802 0.0381209 -0.156909
1639910106.139950 6.107669 0.145305 0.011045 -0.001609 0.0672899 0.126533
1639910106.149923 6.107036 0.139344 0.008680 -0.067491 0.136591 0.360288
1639910106.159914 6.118063 0.130106 0.017919 0.055622 0.0158921 0.686578
1639910106.169912 6.113071 0.113565 0.011194 0.015792 0.0486821 0.475757
1639910106.179944 6.122906 0.118837 0.013672 0.045463 0.0680946 0.284649
1639910106.189947 6.122906 0.121891 0.009146 0.029873 0.0406355 0.000503
1639910106.189947 6.110147 0.122376 0.020564 0.039831 -0.0207201 -0.587907
1639910106.199949 6.107446 0.125449 0.010282 0.077549 0.0116676 -0.613354
1639910106.210276 6.105993 0.140090 0.016969 0.071213 -0.058841 -0.525847
1639910106.219974 6.108973 0.153482 0.003166 0.028968 0.0380203 -0.285454
1639910106.239957 6.109886 0.138395 0.004172 -0.002112 -0.00301749 0.210922
1639910106.249958 6.103963 0.142585 0.018161 0.031382 0.000402331 0.553809
1639910106.259914 6.107539 0.146329 0.028200 0.097264 0.105713 0.637092
1639910106.269912 6.113574 0.133161 0.011269 0.025447 0.0137798 0.588208
1639910106.279917 6.121714 0.119675 0.007246 0.007544 -0.0302754 0.147555
1639910106.279917 6.114375 0.120495 0.007972 0.036210 -0.0374168 -0.168879
1639910106.290331 6.116573 0.124741 0.008047 0.015691 -0.0710115 -0.386339
1639910106.299929 6.109774 0.136327 0.024643 -0.002515 -0.118084 -0.558034
1639910106.310697 6.103404 0.143871 0.002813 -0.039026 0.0334941 -0.459965
1639910106.329912 6.109532 0.137556 0.010412 -0.022128 0.000301749 -0.175316
1639910106.339952 6.113052 0.153370 0.009146 0.024542 0.0401326 0.083987
1639910106.349922 6.098449 0.157412 0.002868 0.010259 0.0954531 0.356264
1639910106.349922 6.126929 0.127964 0.022035 0.072923 -0.0478774 0.694524
1639910106.360372 6.116964 0.128541 0.016317 0.062060 -0.0216253 0.550389
1639910106.369925 6.112773 0.131615 0.008866 0.051700 -0.00955537 0.250753
1639910106.381132 6.122738 0.116192 0.017583 -0.020217 -0.00130758 0.001308
1639910106.389951 6.105136 0.125691 0.004973 -0.004828 -0.0320859 -0.515688
1639910106.399956 6.111506 0.122171 0.005439 0.018407 -0.0993758 -0.641719
1639910106.410484 6.107260 0.123214 0.008326 0.026152 -0.0626631 -0.593338
1639910106.429911 6.109793 0.136364 0.012517 0.042345 -0.0301749 -0.341479
1639910106.439952 6.103050 0.144783 0.012331 0.083584 -0.0230335 0.322569
1639910106.449914 6.115101 0.139531 0.013132 0.017099 0.0797622 0.427678
1639910106.459931 6.112885 0.127349 0.016466 -0.004224 0.114061 0.624217
1639910106.469917 6.110463 0.124909 0.006072 -0.009958 0.051599 0.545360
1639910106.479953 6.120279 0.118911 0.013430 -0.024341 0.035204 0.105813
1639910106.489912 6.119739 0.131149 0.007004 0.043854 0.0198148 -0.234559
1639910106.499949 6.118100 0.128113 0.014342 0.022430 -0.0215247 -0.383824
1639910106.509917 6.123297 0.126623 0.013821 0.062160 -0.0808686 -0.610437
1639910106.519913 6.110389 0.139978 0.012200 0.037417 -0.0640713 -0.454232
1639910106.529946 6.105304 0.148565 0.010729 -0.026353 0.029169 -0.164151
1639910106.539925 6.108321 0.143014 0.016093 -0.000302 0.0140816 0.127036
1639910106.549922 6.095115 0.148211 0.007879 0.040434 0.0120699 0.368334
1639910106.559918 6.107148 0.124350 0.017770 -0.006136 0.0601485 0.572618
1639910106.569944 6.115437 0.124685 0.016857 0.105210 -0.00854954 0.507541
1639910106.569944 6.122235 0.117924 -0.000224 0.053108 0.0628643 0.278313
1639910106.580109 6.134585 0.114143 0.012703 -0.010360 0.0107624 0.011265
1639910106.599953 6.109755 0.121035 0.007935 0.046670 -0.0682957 -0.486720
1639910106.609944 6.116871 0.131223 0.022408 -0.012070 -0.113457 -0.550490
1639910106.619943 6.113723 0.141189 0.004079 0.034902 -0.0603497 -0.556827
1639910106.629914 6.107520 0.142269 0.024885 0.008952 -0.00211224 -0.346005
1639910106.629914 6.096736 0.140350 0.010598 -0.012070 0.0322871 0.217158
1639910106.639916 6.115176 0.132248 0.018254 0.007141 0.0662841 0.443671
1639910106.650448 6.108619 0.133291 0.015888 0.024643 0.137396 0.609733
1639910106.659940 6.102566 0.119619 0.014342 0.021826 0.0300743 0.597160
1639910106.670349 6.112549 0.131000 0.020042 0.024140 0.00442564 0.137597
1639910106.679944 6.112419 0.127275 0.006333 0.000302 0.0508949 -0.161536
1639910106.699933 6.122179 0.127610 0.008736 0.062361 0.0178032 -0.461575
1639910106.709936 6.111749 0.122283 0.009779 0.027962 -0.0590421 -0.609230
1639910106.719951 6.107446 0.133030 0.006296 0.042345 -0.0492856 -0.464089
1639910106.729925 6.112047 0.146031 0.013653 -0.077348 -0.0511967 -0.225909
1639910106.739945 6.108545 0.141282 0.017248 -0.000302 -0.0203177 0.121202
1639910106.739945 6.100368 0.135191 0.014324 0.120297 0.101589 0.410881
1639910106.759952 6.125309 0.126157 0.022054 0.001911 0.0308789 0.634879
1639910106.769975 6.113146 0.130553 0.010803 0.005029 0.051599 0.591528
1639910106.779956 6.104726 0.116080 0.004992 0.061456 0.0485815 0.375576
1639910106.779956 6.120689 0.117719 0.014808 0.011668 -0.0169985 -0.019915
1639910106.790506 6.110072 0.122711 0.010487 0.019312 -0.0141822 -0.508346
1639910106.800800 6.106496 0.125822 0.012573 0.091229 -0.074029 -0.655096
1639910106.809935 6.105602 0.127796 0.021718 0.034098 -0.0883117 -0.493359
1639910106.821231 6.102193 0.130516 0.015162 0.021525 0.0375174 -0.325184
1639910106.829940 6.116033 0.153072 0.011269 -0.000402 0.0578351 0.256587
1639910106.840538 6.116349 0.143070 0.003930 -0.000603 0.00724196 0.520717
1639910106.859921 6.106962 0.131801 0.005830 0.041138 0.126332 0.601586
1639910106.869966 6.116498 0.125617 0.013597 0.004124 0.061959 0.589818
1639910106.879946 6.128307 0.118185 0.015851 0.033494 0.0392273 0.204787
1639910106.889950 6.113555 0.119079 0.014435 0.011466 0.0231341 -0.093643
1639910106.899926 6.112065 0.126846 0.010300 0.030275 -0.125729 -0.441056
1639910106.909950 6.116778 0.124220 0.022557 0.031985 -0.16737 -0.545863
1639910106.909950 6.103665 0.145398 0.015814 0.022329 0.0134781 -0.421442
1639910106.929933 6.095953 0.150073 0.010785 0.008248 -0.0512972 -0.183061
1639910106.929933 6.096549 0.147913 0.019316 0.028867 0.0391267 0.114061
1639910106.940556 6.099865 0.141375 0.006910 0.024341 0.109434 0.405952
1639910106.959927 6.109178 0.131615 0.013206 0.023637 0.00814721 0.633873
1639910106.969920 6.114580 0.126641 0.019688 -0.024542 0.0669882 0.545360
1639910106.979967 6.119907 0.125617 0.012238 0.039630 0.0423454 0.291187
1639910106.979967 6.129853 0.123903 0.001937 0.068396 -0.0141822 0.017099
1639910106.990039 6.110817 0.114720 0.009425 0.037115 -0.0591427 -0.563666
1639910107.000714 6.109048 0.130739 0.018459 -0.026051 -0.103801 -0.658918
1639910107.019933 6.121099 0.141412 0.019819 -0.002012 -0.0673905 -0.590019
1639910107.029957 6.113462 0.144690 0.008587 0.054214 -0.0493862 -0.250753
1639910107.029957 6.105993 0.146944 0.010058 0.040032 -0.0174008 0.225607
1639910107.049948 6.120335 0.138711 0.004638 -0.018105 0.00482798 0.513174
1639910107.059941 6.106254 0.144206 0.008680 -0.001710 0.0368133 0.680041
1639910107.069913 6.106608 0.127107 0.012964 0.068799 0.0596456 0.674609
1639910107.079965 6.122924 0.131857 0.003744 0.046570 -0.00452623 0.141319
1639910107.089934 6.124619 0.124034 0.021923 0.025950 -0.0504926 -0.181049
1639910107.099942 6.115474 0.126064 0.017788 0.072118 -0.0786558 -0.430796
1639910107.099942 6.115343 0.133459 0.016391 0.076242 -0.115167 -0.603497
1639910107.109910 6.095730 0.154525 0.014789 -0.008952 0.041239 -0.473846
1639910107.122386 6.102659 0.147056 0.003800 0.007343 0.0254475 -0.222590
1639910107.139946 6.110799 0.150707 0.003614 0.048682 -0.021223 0.135385
1639910107.149912 6.087329 0.145696 0.001844 0.032187 0.084389 0.386741
1639910107.149912 6.116442 0.130292 0.017714 0.033595 0.0724196 0.578251
1639910107.160405 6.121788 0.119861 0.013094 0.011265 0.0818744 0.534195
1639910107.179945 6.114859 0.125635 0.016708 0.038624 0.00623614 0.325888
1639910107.189914 6.123390 0.112429 0.005607 0.068296 -0.025548 -0.010964
1639910107.189914 6.119460 0.135787 0.023227 -0.026353 -0.000603497 -0.509150
1639910107.200365 6.107613 0.124872 0.015404 0.055119 -0.0362098 -0.636388
1639910107.209913 6.112661 0.133365 0.013337 0.064775 -0.0133775 -0.586297
1639910107.221450 6.107986 0.139065 0.004992 0.016496 0.0353046 -0.260409
1639910107.239962 6.100237 0.136551 0.006743 -0.002816 0.0277609 0.279117
1639910107.249923 6.105546 0.147838 0.008494 -0.031080 0.0504926 0.558738
1639910107.259912 6.102324 0.130907 0.010990 0.022028 0.0891164 0.660829
1639910107.269937 6.116517 0.129957 0.003744 0.090323 0.0848919 0.584286
1639910107.279932 6.114934 0.121221 0.023916 0.006840 -0.058338 0.106215
1639910107.279932 6.111022 0.120159 0.023022 0.033092 -0.0551194 -0.174612
1639910107.299927 6.121583 0.122506 0.012405 -0.031684 -0.0527054 -0.462480
1639910107.299927 6.130356 0.137035 0.023730 -0.043552 -0.0571311 -0.587303
1639910107.310387 6.100796 0.140946 0.015441 0.093240 -0.0500903 -0.448298
1639910107.320508 6.098785 0.147615 0.006743 0.056427 0.00633672 -0.154294
1639910107.329924 6.101187 0.150539 0.000875 -0.037719 0.0569299 0.175416
1639910107.349922 6.106235 0.142325 0.009481 0.060249 0.0785552 0.426874
1639910107.349922 6.105527 0.138506 0.008047 0.034902 0.0338964 0.632364
1639910107.360201 6.122794 0.116210 0.009388 0.014182 0.0841878 0.454433
1639910107.370231 6.114803 0.116117 0.011567 0.026755 0.0205189 0.266947
1639910107.379958 6.111991 0.122096 0.007022 0.033192 -0.0709109 0.048280
1639910107.399912 6.112140 0.131615 0.007767 0.012875 -0.0797622 -0.560448
1639910107.409917 6.107278 0.133570 0.005774 0.039730 -0.0963584 -0.524942
1639910107.419924 6.118044 0.142995 0.005886 0.019815 -0.049185 -0.558335
1639910107.429917 6.116163 0.140015 0.011958 0.020318 -0.0446588 -0.289578
1639910107.439934 6.114617 0.150427 0.005513 0.069704 0.0826791 0.342485
1639910107.449925 6.112233 0.146311 0.023283 0.028063 0.0867024 0.585895
1639910107.449925 6.115958 0.138674 0.015460 -0.029270 0.0568293 0.660125
1639910107.469923 6.118678 0.130571 0.014361 0.003017 0.121102 0.669882
1639910107.479943 6.109010 0.126734 0.008568 0.058137 -0.00432506 0.121303
1639910107.489921 6.127972 0.131764 0.007302 0.001911 0.0221282 -0.146348
1639910107.499931 6.118007 0.119172 0.017174 -0.032589 -0.11557 -0.401024
1639910107.509951 6.112903 0.125971 0.015255 -0.029974 -0.031583 -0.577245
1639910107.509951 6.102659 0.135005 0.009146 0.043251 -0.0252463 -0.423152
1639910107.529988 6.103944 0.132732 0.020228 -0.039328 -0.0326894 -0.276804
1639910107.539961 6.109606 0.141785 0.007153 0.016395 -0.0465699 0.056025
1639910107.549933 6.115343 0.140630 0.012573 0.030980 0.0891164 0.412792
1639910107.559918 6.108917 0.128690 0.015460 0.063770 0.0393279 0.610035
1639910107.559918 6.117616 0.125170 0.002626 0.032991 0.0249445 0.500098
1639910107.569921 6.111842 0.122115 0.008382 0.037216 0.0782534 0.306476
1639910107.581228 6.113816 0.120122 0.013784 0.032891 -0.0219271 0.026554
1639910107.599936 6.124396 0.131503 0.024922 0.050392 0.0113659 -0.477064
1639910107.599936 6.114040 0.134222 0.014789 0.062361 -0.0845902 -0.603195
1639910107.610155 6.108880 0.143349 0.016727 0.062764 -0.0284649 -0.546668
1639910107.622225 6.100666 0.149645 0.011586 0.052202 0.029169 -0.379700
1639910107.639949 6.112121 0.139419 0.009220 -0.012372 0.0247434 0.300441
1639910107.649921 6.117746 0.135507 0.005998 0.040635 0.0171997 0.521522
1639910107.649921 6.113704 0.133403 -0.000484 0.020821 0.0986718 0.672195
1639910107.660750 6.103441 0.117328 0.008121 0.049386 0.113558 0.626028
1639910107.669921 6.137732 0.118148 0.018086 0.010058 0.0218265 0.112753
1639910107.680119 6.112736 0.123326 0.009909 -0.004627 0.00331923 -0.217661
1639910107.699950 6.111078 0.123698 0.000186 0.051197 -0.0392273 -0.434820
1639910107.710006 6.120633 0.130534 0.012200 0.058539 -0.110943 -0.571713
1639910107.710006 6.092433 0.125021 0.005923 0.011567 -0.0159927 -0.476260
1639910107.729954 6.111059 0.140965 0.005253 0.025246 -0.021223 -0.217561
1639910107.739946 6.101411 0.138022 0.012070 -0.027057 0.0152886 0.122912
1639910107.749955 6.108470 0.132006 0.027306 0.027258 0.0966601 0.358175
1639910107.759922 6.122533 0.131093 0.020005 0.010159 0.0410378 0.612348
1639910107.769917 6.120875 0.130534 0.013206 0.038724 0.0561252 0.512570
1639910107.779914 6.113648 0.115111 0.008903 -0.019111 -0.00221282 0.298027
1639910107.789911 6.111842 0.117794 0.009257 0.053711 -0.0203177 -0.049889
1639910107.799934 6.113071 0.130162 0.013821 0.078455 -0.0391267 -0.499595
1639910107.809918 6.105267 0.134110 0.006780 0.018608 0.00633672 -0.623211
1639910107.819943 6.114654 0.144914 0.002012 0.053007 -0.0841878 -0.542443
1639910107.829946 6.110799 0.143293 0.010598 0.081975 -0.056427 -0.285957
1639910107.839949 6.094389 0.133384 0.013467 0.018105 0.0591427 0.326190
1639910107.849968 6.113369 0.131838 0.017583 0.062462 0.0181049 0.512268
1639910107.849968 6.113686 0.131279 0.015572 0.038825 0.0720173 0.633672
1639910107.861100 6.107688 0.118371 0.003558 0.015188 0.0186078 0.594847
1639910107.870582 6.123092 0.115745 0.017621 0.026353 -0.00512972 0.079762
1639910107.889950 6.112326 0.121761 0.014231 -0.035405 -0.00905246 -0.166666
1639910107.899943 6.106813 0.120271 0.020713 0.073124 -0.100281 -0.452321
1639910107.909927 6.108806 0.128224 0.012033 0.096861 -0.117581 -0.572316
1639910107.909927 6.100405 0.141338 0.013132 -0.040635 0.0104606 -0.441860
1639910107.920422 6.104838 0.142958 0.014417 0.017703 0.00784546 -0.176825
1639910107.939950 6.102156 0.149235 0.016671 0.038825 0.0058338 0.138201
1639910107.949920 6.093364 0.148267 0.014007 -0.022329 0.160027 0.430092
1639910107.959921 6.115623 0.130218 0.005774 0.040334 0.0799634 0.634577
1639910107.959921 6.118361 0.133440 0.013709 0.056125 0.0529066 0.508346
1639910107.969913 6.114691 0.124257 0.013225 0.058237 0.0482798 0.301145
1639910107.989951 6.118473 0.123084 0.014622 0.042547 0.0309795 0.014383
1639910107.999925 6.111376 0.129230 0.010021 -0.008348 -0.000502914 -0.460066
1639910107.999925 6.100126 0.127815 0.015311 0.046570 -0.0367127 -0.635382
1639910108.019915 6.113332 0.141263 0.021756 0.060048 -0.106115 -0.535503
1639910108.029952 6.106421 0.151191 0.011045 0.045966 0.00130758 -0.378795
1639910108.029952 6.093532 0.136681 0.006761 0.032187 0.0980683 0.247434
1639910108.040493 6.118473 0.146292 0.013057 0.024442 0.00241399 0.579860
1639910108.059913 6.117243 0.132788 0.008661 0.097666 0.0925362 0.709310
1639910108.069922 6.116014 0.124704 0.010598 0.068195 0.206396 0.516996
1639910108.079950 6.118137 0.123978 0.015106 0.087507 -0.0403337 0.210520
1639910108.079950 6.117485 0.126120 0.016391 0.033192 0.0148863 -0.119995
1639910108.089913 6.121751 0.121724 0.012033 0.011064 -0.0596456 -0.394788
1639910108.109950 6.117746 0.119321 0.017658 0.083886 -0.113156 -0.448801
1639910108.119913 6.093625 0.139959 0.019670 -0.010662 -0.0342987 -0.424158
1639910108.129911 6.102007 0.143722 0.012275 0.034902 -0.0294708 -0.115268
1639910108.129911 6.107427 0.145938 0.006743 0.004929 -0.0450611 0.125628
1639910108.139943 6.094743 0.145119 0.010896 -0.029571 0.0887141 0.362702
1639910108.150342 6.122142 0.123084 0.007488 0.014182 0.0238381 0.620797
1639910108.160421 6.128531 0.123307 0.014473 0.076845 0.081975 0.492554
1639910108.170197 6.111730 0.122078 0.008643 -0.003420 0.0305772 0.262421
1639910108.181282 6.117504 0.119749 0.010356 0.004325 -0.064373 -0.013378
1639910108.199916 6.105900 0.112858 0.010356 0.055723 -0.015188 -0.490442
1639910108.209947 6.107371 0.133179 0.006463 0.032790 -0.0581369 -0.573322
1639910108.219913 6.112270 0.133291 0.009481 0.094246 -0.143934 -0.522528
1639910108.229933 6.100945 0.142809 0.010859 0.021826 -0.0997782 -0.259705
1639910108.239965 6.106570 0.143461 0.001136 0.014383 0.0354052 0.326693
1639910108.249948 6.108005 0.135303 0.006780 0.074632 0.0147857 0.588410
1639910108.259947 6.103367 0.127405 0.020079 0.034500 0.0148863 0.590723
1639910108.269913 6.110463 0.125244 0.017714 0.032388 0.0735261 0.609230
1639910108.279933 6.134752 0.117905 0.001658 0.088513 -0.02243 0.103097
1639910108.279933 6.116871 0.124555 0.008382 0.070710 -0.0553206 -0.126734
1639910108.289925 6.109066 0.121500 0.015143 0.066485 -0.094045 -0.425063
1639910108.309910 6.106328 0.127666 0.008289 -0.008348 -0.121705 -0.618182
1639910108.319945 6.112661 0.145584 0.012591 0.048883 -0.0758395 -0.448097
1639910108.329956 6.108172 0.142381 0.008717 0.004426 -0.0478774 -0.222187
1639910108.339922 6.099585 0.142306 0.006761 -0.046872 0.0447594 0.146750
1639910108.349920 6.098244 0.143982 0.012256 -0.013478 0.037618 0.448398
1639910108.359921 6.119795 0.133030 0.010896 0.011567 0.0425465 0.625022
1639910108.359921 6.139036 0.127442 0.006668 -0.048682 0.0715144 0.476159
1639910108.370212 6.118678 0.120793 0.012424 0.042848 0.0346005 0.266545
1639910108.380006 6.117020 0.117645 0.016391 0.090223 0.00432506 -0.049386
1639910108.390496 6.115232 0.112336 0.018030 0.057835 -0.0848919 -0.509955
1639910108.409914 6.103683 0.125654 0.023413 0.032589 -0.0994764 -0.609733
1639910108.419948 6.100927 0.139195 0.007544 0.037417 -0.0592433 -0.567991
1639910108.429924 6.107446 0.147149 0.001825 0.052806 -0.0695027 -0.315126
1639910108.429924 6.102510 0.146758 0.003371 -0.021223 0.0594445 0.246830
1639910108.439955 6.114524 0.142474 0.007171 0.005130 0.0136793 0.493661
1639910108.450438 6.110892 0.140034 0.015777 0.049084 0.116576 0.599977
1639910108.459935 6.100796 0.136513 0.019949 0.022028 0.120901 0.615366
1639910108.470137 6.121267 0.109114 0.003930 0.025146 -0.0357069 0.153489
1639910108.480080 6.123465 0.126306 0.012852 0.077549 -0.0526048 -0.182558
1639910108.490284 6.119851 0.120848 0.019819 0.033896 -0.13287 -0.427477
1639910108.509933 6.121881 0.130888 0.022184 0.038121 -0.0761412 -0.548679
1639910108.519913 6.111655 0.145268 0.004973 0.069704 -0.0414401 -0.465095
1639910108.529916 6.103311 0.149757 0.008978 0.068799 -0.0295714 -0.161838
1639910108.539920 6.114729 0.137016 0.009146 0.045262 -0.0093542 0.146952
1639910108.549915 6.104950 0.155270 0.006817 0.085797 0.0292696 0.385433
1639910108.559951 6.106868 0.132546 0.007600 0.026755 0.0976659 0.652783
1639910108.569918 6.108377 0.131726 0.010319 0.024442 0.0632666 0.519007
1639910108.579918 6.118529 0.116117 0.005420 0.034701 0.0463687 0.292193
1639910108.589914 6.132964 0.124611 0.007525 0.074632 0.00100583 0.076342
1639910108.599956 6.121378 0.124536 0.009146 0.043251 -0.0444576 -0.486821
1639910108.609923 6.119478 0.130683 0.009406 0.070408 -0.0141822 -0.640713
1639910108.619915 6.107390 0.146236 0.006650 0.062462 -0.0272579 -0.500098
1639910108.629910 6.104037 0.136420 0.000000 0.076342 -0.0448599 -0.338160
1639910108.629910 6.097797 0.150725 0.002626 0.047475 0.0519007 0.249647
1639910108.640276 6.114822 0.141673 0.003744 -0.018809 -0.0223294 0.545863
1639910108.650714 6.099902 0.134390 0.007525 0.017099 0.0994764 0.613354
1639910108.660040 6.095618 0.131521 -0.001024 0.015691 0.128947 0.560448
1639910108.679909 6.136056 0.108201 0.015236 0.065178 0.0675917 0.156809
1639910108.689917 6.118733 0.125412 0.013690 0.058036 0.0580363 -0.210218
1639910108.689917 6.115828 0.124741 0.017434 0.035506 -0.00553206 -0.351839
1639910108.699958 6.109998 0.117328 0.020918 0.062864 -0.0731237 -0.528261
1639910108.719924 6.104019 0.152607 0.007208 -0.013378 -0.0605509 -0.460569
1639910108.729919 6.105173 0.143833 0.006780 0.091229 -0.0335947 -0.201769
1639910108.739911 6.116442 0.148769 0.009127 0.026755 0.0527054 0.019815
1639910108.749928 6.107930 0.133682 0.011045 0.039227 0.0929385 0.356264
1639910108.759912 6.095245 0.128336 0.010878 0.005230 -0.00130758 0.645239
1639910108.769940 6.113034 0.125580 0.001490 0.043251 0.0239387 0.505932
1639910108.779943 6.123316 0.135135 0.016969 0.051901 0.106215 0.348721
1639910108.789910 6.130580 0.116583 0.018105 0.027660 -0.0426471 0.028465
1639910108.789910 6.115325 0.126790 0.005458 0.039831 -0.0470728 -0.511464
1639910108.809873 6.109960 0.138637 0.008885 0.026856 -0.0543147 -0.654090
1639910108.819919 6.106049 0.151470 0.007786 0.014786 -0.10521 -0.529569
1639910108.829912 6.108135 0.138339 0.008103 0.054415 -0.0534095 -0.368938
1639910108.839948 6.098468 0.146683 0.015497 -0.030678 0.0572316 0.224702
1639910108.849943 6.112736 0.140388 0.004489 -0.028867 0.0992753 0.482898
1639910108.859950 6.111525 0.143033 0.005476 0.056930 0.163648 0.624921
1639910108.869972 6.111022 0.127088 0.013821 0.027459 0.120398 0.612449
1639910108.879933 6.127264 0.125356 0.008345 0.060853 0.0099577 0.158921
1639910108.879933 6.123353 0.129100 0.012796 0.059444 0.0293702 -0.154193
1639910108.889916 6.130170 0.117868 0.020489 0.030678 -0.0356063 -0.449605
1639910108.899917 6.126389 0.133235 0.012815 0.018306 -0.173606 -0.571210
1639910108.919945 6.106272 0.128523 0.005588 0.022430 -0.041943 -0.466906
1639910108.929914 6.093960 0.149403 0.008456 0.008348 -0.0538118 -0.214543
1639910108.939912 6.109718 0.143237 0.018850 -0.014484 -0.00593439 0.142425
1639910108.939912 6.099995 0.140853 -0.002477 0.003722 0.0695027 0.417620
1639910108.949917 6.117914 0.127722 0.022147 0.037517 0.0298731 0.528160
1639910108.969918 6.124526 0.135489 0.020303 -0.002414 0.100683 0.573121
1639910108.969918 6.117318 0.120755 0.027269 0.033896 0.0247434 0.273485
1639910108.989936 6.115604 0.127237 0.008903 0.007845 -0.0414401 -0.073224
1639910108.999953 6.109886 0.129808 0.001248 0.020016 -0.0138804 -0.481993
1639910109.009914 6.111301 0.131465 0.006128 -0.005532 -0.0174008 -0.557631
1639910109.019953 6.115418 0.128932 0.017658 0.035506 -0.0956543 -0.557128
1639910109.029915 6.104354 0.138506 0.005923 0.004627 -0.0228323 -0.319250
1639910109.029915 6.091837 0.144970 0.003781 -0.009153 0.0519007 0.266947
1639910109.049956 6.116424 0.138525 0.012256 -0.010159 0.0694022 0.489637
1639910109.059946 6.116629 0.126325 0.008699 0.068396 0.121605 0.563063
1639910109.059946 6.105714 0.126809 0.009406 0.132266 0.106215 0.576340
1639910109.079919 6.133169 0.116453 0.005197 -0.010259 0.0559241 0.118386
1639910109.089916 6.125793 0.136718 0.013486 -0.018205 0.054013 -0.165358
1639910109.099919 6.119087 0.129286 0.008233 0.065580 -0.0285655 -0.378996
1639910109.099919 6.111562 0.134055 0.014044 0.087306 -0.0778511 -0.522729
1639910109.110372 6.111637 0.141952 -0.001099 0.068296 -0.0156909 -0.449102
1639910109.129917 6.112065 0.150427 0.010934 0.046369 -0.0821762 -0.157110
1639910109.129917 6.104261 0.133906 0.004265 0.059545 0.0029169 0.154495
1639910109.149917 6.087776 0.147950 0.013411 0.001509 0.0816733 0.362501
1639910109.159949 6.118864 0.123531 0.006687 0.050392 0.0835843 0.692211
1639910109.169917 6.110370 0.138469 0.011940 0.091430 0.11386 0.475958
1639910109.179966 6.109420 0.131372 0.010170 -0.013478 0.0836849 0.374470
1639910109.179966 6.125681 0.126176 0.013150 0.019714 0.0465699 0.037417
1639910109.190395 6.104708 0.128094 0.002123 0.070609 -0.0258498 -0.529870
1639910109.200422 6.099716 0.138618 0.000056 0.039026 -0.112854 -0.593640
1639910109.209910 6.108005 0.143219 0.013039 -0.004023 -0.0453629 -0.531580
1639910109.220968 6.105341 0.141840 0.018589 0.007644 -0.0171997 -0.375576
1639910109.229916 6.104205 0.144839 0.012442 0.047777 0.00593439 0.302352
1639910109.239944 6.119180 0.135954 -0.000782 0.062462 0.0132769 0.497583
1639910109.249925 6.104093 0.142846 0.006743 0.029169 0.121403 0.580464
1639910109.259958 6.108321 0.132527 0.006370 -0.041239 0.0905246 0.596959
1639910109.270751 6.124433 0.121072 0.018626 0.041742 -0.0269562 0.137698
1639910109.280709 6.120428 0.117887 0.016540 0.044357 -0.0521019 -0.137899
1639910109.299911 6.126072 0.125729 0.003986 0.083584 -0.0331923 -0.440855
1639910109.309911 6.122384 0.126958 0.010524 0.046771 -0.120699 -0.628743
1639910109.319950 6.091148 0.144485 -0.003297 -0.028666 0.0181049 -0.448398
1639910109.329925 6.109290 0.142474 0.002570 0.029068 -0.0227317 -0.178535
1639910109.339927 6.109104 0.145212 0.005495 -0.001207 0.0134781 0.122812
1639910109.349914 6.101131 0.149626 0.007711 0.045061 0.0748336 0.380505
1639910109.359921 6.114412 0.130162 -0.003390 0.027057 -0.0256486 0.593740
1639910109.369915 6.108265 0.121780 0.002570 -0.020821 0.0710115 0.595450
1639910109.379935 6.101169 0.118036 0.002850 0.042748 0.0699051 0.312209
1639910109.389915 6.117169 0.119768 0.007935 0.027459 -0.0192113 0.102192
1639910109.389915 6.113965 0.125002 0.013597 -0.030980 -0.0925362 -0.478271
1639910109.400281 6.104652 0.140145 0.013970 -0.023738 -0.0766441 -0.596356
1639910109.419940 6.087739 0.137277 0.013895 0.044055 -0.0618584 -0.529367
1639910109.429948 6.094724 0.143237 0.002347 -0.007041 -0.026755 -0.356466
1639910109.439949 6.101839 0.135098 0.012461 0.019513 0.0437535 0.279017
1639910109.449914 6.111730 0.140611 0.021737 0.022933 0.000201166 0.505932
1639910109.459925 6.093383 0.140164 0.008475 0.009757 0.0678934 0.599574
1639910109.469945 6.101038 0.120495 0.010487 0.054114 0.0768453 0.708304
1639910109.479934 6.137136 0.127200 0.008252 -0.029672 0.0594445 0.193018
1639910109.489954 6.126761 0.125337 0.015590 0.042044 0.0396296 -0.138100
1639910109.499948 6.116983 0.120699 0.013709 0.017501 -0.0744313 -0.409875
1639910109.509948 6.107613 0.136644 0.012070 0.036813 -0.12593 -0.538923
1639910109.519950 6.099269 0.150073 0.006165 0.028867 -0.000905246 -0.396900
1639910109.529948 6.112307 0.139680 0.010338 -0.012673 0.0199154 -0.122208
1639910109.539895 6.124154 0.138246 0.008252 0.012673 0.0414401 0.099074
1639910109.549919 6.101578 0.144877 0.010058 0.091329 0.0444576 0.503216
1639910109.559955 6.111916 0.131596 0.011679 0.066485 0.0560246 0.638299
1639910109.559955 6.113276 0.123642 0.008810 0.019815 0.0210218 0.542141
1639910109.569910 6.109532 0.124425 0.005625 0.016898 0.0466704 0.346407
1639910109.580060 6.121658 0.117943 0.007302 0.009052 -0.00110641 0.056930
1639910109.589909 6.110985 0.125878 0.016801 0.069000 -0.0220276 -0.526350
1639910109.609921 6.107260 0.136867 0.016503 0.039730 -0.125226 -0.643227
1639910109.620013 6.103925 0.145771 0.005998 0.076242 -0.111748 -0.475556
1639910109.629939 6.113295 0.146460 0.012051 0.048582 -0.0202172 -0.319049
1639910109.639914 6.116964 0.158604 0.003129 0.050694 0.0562258 0.309795
1639910109.649916 6.108936 0.138860 -0.005458 -0.005331 0.0158921 0.560649
1639910109.659916 6.109178 0.115018 0.011008 0.078052 0.101388 0.657912
1639910109.670063 6.104205 0.116490 0.008661 0.083886 0.115771 0.679035
1639910109.679919 6.122198 0.119675 0.004768 0.055119 0.0331923 0.192415
1639910109.689908 6.121155 0.124294 0.012126 0.069503 -0.00774488 -0.113860
1639910109.699975 6.111953 0.112467 0.018980 0.069201 -0.0849925 -0.417419
1639910109.709911 6.124508 0.123139 0.014622 0.058036 -0.122108 -0.557028
1639910109.719955 6.100871 0.146665 0.011604 -0.003520 -0.0612549 -0.453930
1639910109.729951 6.103273 0.146553 0.006184 0.042547 0.0231341 -0.123817
1639910109.739914 6.110705 0.148099 -0.002068 -0.010561 0.0668876 0.175718
1639910109.749915 6.110016 0.144448 -0.000037 -0.008650 0.0618584 0.455439
1639910109.759935 6.121825 0.136029 0.010524 0.021324 0.00543147 0.687182
1639910109.769920 6.122049 0.134557 0.001024 0.066787 -0.0131764 0.550490
1639910109.779949 6.116368 0.129621 0.008419 0.021122 0.0192113 0.357270
1639910109.789919 6.125867 0.111107 0.005737 -0.011064 -0.0513978 0.015490
1639910109.789919 6.111935 0.132471 0.003371 0.125125 0.00241399 -0.542946
1639910109.800714 6.102994 0.131670 0.000857 0.060149 -0.0512972 -0.596859
1639910109.819913 6.113872 0.138637 -0.000149 0.013378 -0.0175014 -0.585794
1639910109.829912 6.102510 0.149775 0.005905 0.046369 -0.0753365 -0.340473
1639910109.829912 6.077178 0.147764 0.000037 0.018004 0.145745 0.212431
1639910109.839929 6.122738 0.137612 0.009816 -0.031482 0.0623614 0.497885
1639910109.850286 6.098989 0.128448 0.011995 0.012573 0.194728 0.690099
1639910109.869933 6.121509 0.131447 0.014473 0.073224 0.0715144 0.593137
1639910109.869933 6.139986 0.120513 0.021420 0.006940 0.00392273 0.134982
1639910109.879922 6.116331 0.106432 0.009965 0.013981 -0.0514984 -0.174008
1639910109.890478 6.115194 0.118185 0.010673 0.077650 -0.0426471 -0.473846
